876
0
877
1
2
3
4
5
6
7
8
878
879
880
9
10
11
12
881
882
883
884
885
886
887
888
13
14
889
890
891
15
892
893
16
894
895
896
897
898
899
17
900
18
901
902
19
20
903
21
904
905
22
906
907
908
909
910
23
911
912
24
913
25
26
914
27
915
28
29
30
31
916
32
917
33
34
918
919
35
36
37
920
921
922
38
923
924
39
40
925
41
42
43
926
44
927
928
929
45
46
47
930
931
48
932
49
50
51
52
53
933
934
54
55
935
936
937
938
56
57
939
940
941
58
942
943
944
59
945
946
947
948
60
949
950
61
62
951
952
953
63
64
954
955
956
65
66
67
957
958
68
959
69
960
70
961
962
963
71
72
964
965
73
966
74
967
75
968
969
76
77
78
970
971
79
80
81
82
972
83
84
85
86
973
87
88
974
89
975
976
977
978
979
980
981
90
982
983
984
985
986
987
988
989
990
991
992
993
994
91
995
996
92
997
998
93
94
999
1000
1001
95
1002
96
97
98
99
1003
100
101
1004
102
103
104
105
106
107
108
1005
109
1006
110
111
112
113
114
115
116
1007
1008
1009
1010
1011
1012
1013
1014
1015
1016
1017
1018
1019
1020
1021
1022
1023
1024
117
1025
118
119
120
121
122
1026
1027
1028
1029
1030
123
1031
1032
1033
1034
1035
124
125
1036
1037
126
127
1038
1039
1040
1041
1042
1043
1044
1045
1046
1047
1048
1049
1050
1051
128
129
1052
130
1053
1054
131
1055
1056
1057
1058
1059
1060
1061
132
133
1062
1063
1064
134
1065
135
1066
1067
1068
1069
1070
1071
1072
1073
136
1074
1075
1076
1077
1078
1079
137
1080
1081
138
1082
1083
1084
1085
1086
1087
1088
1089
1090
139
1091
1092
140
141
1093
142
1094
1095
1096
1097
1098
143
1099
1100
1101
1102
1103
1104
144
1105
145
1106
1107
146
1108
1109
1110
1111
1112
147
1113
148
149
150
1114
1115
151
152
153
1116
1117
154
155
156
157
158
159
1118
160
1119
1120
161
1121
162
163
164
1122
1123
1124
1125
165
166
167
168
169
170
1126
171
172
173
174
175
176
1127
177
178
1128
179
180
181
182
1129
1130
1131
1132
183
184
1133
185
1134
186
187
1135
188
189
1136
190
1137
1138
191
1139
1140
192
1141
1142
193
194
195
196
197
1143
1144
198
1145
1146
1147
199
200
1148
1149
201
202
203
1150
1151
204
1152
205
206
1153
207
1154
1155
1156
208
1157
1158
1159
209
210
1160
1161
211
1162
1163
1164
1165
212
1166
213
214
1167
1168
215
216
217
1169
218
1170
219
220
1171
1172
221
1173
1174
222
1175
223
1176
224
225
226
227
1177
1178
228
1179
1180
229
1181
230
231
232
1182
233
234
1183
1184
235
1185
1186
1187
1188
1189
1190
1191
236
237
1192
238
239
240
241
242
1193
243
244
1194
1195
1196
1197
1198
1199
245
1200
1201
1202
1203
1204
246
1205
1206
247
1207
248
249
250
251
252
1208
253
1209
254
255
256
257
258
259
1210
260
261
1211
262
1212
263
264
265
266
267
268
269
270
271
272
1213
273
1214
274
1215
275
1216
1217
276
1218
1219
277
1220
1221
278
279
280
1222
281
1223
282
283
1224
1225
284
1226
1227
285
1228
286
1229
1230
1231
1232
1233
287
1234
1235
288
1236
1237
1238
1239
1240
1241
1242
1243
289
1244
1245
1246
1247
1248
290
1249
291
292
293
294
1250
295
1251
296
1252
1253
1254
297
1255
1256
1257
298
1258
1259
1260
1261
1262
1263
1264
1265
1266
1267
1268
1269
1270
1271
299
300
1272
1273
1274
1275
1276
1277
1278
1279
301
1280
1281
302
1282
1283
303
1284
304
1285
305
1286
1287
1288
1289
306
1290
1291
307
1292
1293
1294
1295
1296
308
1297
1298
1299
1300
309
310
1301
1302
1303
1304
311
1305
312
1306
1307
313
1308
1309
1310
314
315
316
1311
1312
1313
1314
1315
317
1316
1317
1318
318
319
1319
1320
1321
320
1322
1323
1324
1325
321
322
1326
1327
323
324
1328
1329
1330
1331
325
1332
1333
1334
1335
1336
1337
1338
326
1339
1340
1341
1342
327
328
1343
329
1344
1345
1346
1347
1348
330
331
332
1349
1350
333
1351
1352
334
1353
1354
335
1355
1356
1357
336
337
1358
1359
1360
1361
1362
1363
1364
338
1365
1366
1367
1368
339
340
1369
1370
1371
1372
1373
341
1374
1375
1376
1377
1378
1379
1380
1381
1382
1383
1384
342
1385
1386
343
1387
1388
1389
1390
344
345
1391
1392
1393
1394
1395
1396
1397
1398
1399
346
1400
1401
1402
1403
1404
1405
1406
1407
1408
1409
1410
1411
1412
1413
1414
1415
347
348
1416
1417
1418
1419
1420
1421
1422
1423
1424
1425
1426
1427
1428
1429
1430
1431
349
1432
1433
1434
1435
1436
1437
1438
1439
1440
1441
1442
1443
350
1444
351
352
353
1445
354
1446
1447
1448
1449
1450
1451
355
1452
1453
356
357
1454
1455
358
359
360
361
1456
362
1457
1458
1459
1460
1461
363
364
1462
1463
1464
1465
365
1466
1467
1468
1469
366
1470
367
1471
368
369
1472
370
1473
1474
371
1475
1476
1477
1478
372
1479
1480
1481
1482
373
1483
374
1484
1485
375
1486
1487
1488
1489
376
1490
377
1491
1492
1493
1494
1495
1496
378
1497
1498
1499
1500
1501
379
1502
1503
1504
1505
380
1506
381
1507
1508
1509
1510
1511
1512
1513
382
1514
383
1515
384
1516
1517
1518
385
1519
1520
1521
1522
1523
386
1524
387
1525
1526
1527
1528
1529
1530
388
1531
1532
1533
1534
1535
1536
389
1537
1538
390
1539
391
392
393
1540
1541
1542
1543
1544
1545
394
1546
1547
1548
1549
1550
1551
1552
395
396
1553
1554
1555
1556
1557
1558
1559
1560
1561
1562
1563
1564
1565
1566
1567
1568
1569
397
1570
1571
398
399
400
1572
1573
1574
1575
1576
1577
1578
401
1579
1580
1581
1582
1583
402
403
1584
1585
1586
1587
1588
404
1589
1590
1591
1592
1593
1594
1595
1596
1597
1598
1599
1600
1601
1602
1603
1604
1605
1606
1607
405
1608
1609
1610
406
1611
1612
1613
1614
1615
1616
1617
1618
1619
407
408
1620
409
410
1621
1622
1623
1624
411
1625
1626
412
413
414
1627
1628
1629
1630
1631
1632
415
416
417
418
419
420
421
1633
1634
1635
1636
1637
422
1638
1639
1640
1641
423
424
1642
425
1643
1644
1645
1646
1647
1648
1649
1650
1651
1652
1653
1654
1655
1656
1657
1658
1659
1660
426
1661
427
428
1662
1663
1664
429
430
1665
1666
1667
431
432
1668
1669
433
434
1670
1671
1672
435
1673
1674
1675
1676
1677
1678
1679
1680
1681
1682
1683
436
1684
437
1685
1686
1687
438
439
1688
440
1689
441
1690
1691
442
1692
1693
443
444
1694
445
1695
1696
1697
1698
446
447
448
449
1699
450
1700
1701
1702
451
1703
1704
1705
1706
452
453
1707
1708
454
1709
1710
1711
455
1712
456
1713
1714
457
1715
1716
1717
1718
1719
1720
458
1721
1722
1723
1724
459
1725
460
1726
461
462
1727
463
464
465
1728
466
467
1729
1730
1731
468
1732
469
1733
470
471
472
473
1734
474
475
1735
1736
476
1737
1738
1739
1740
477
1741
478
1742
1743
1744
479
1745
480
481
482
483
1746
1747
484
1748
485
1749
486
1750
1751
487
1752
1753
1754
1755
1756
1757
1758
1759
1760
1761
488
489
1762
1763
1764
1765
1766
1767
1768
1769
1770
1771
1772
1773
1774
1775
1776
1777
1778
490
491
1779
492
1780
493
1781
494
495
496
497
498
499
500
501
502
503
504
505
506
1782
507
508
509
510
511
512
513
514
515
516
517
518
1783
519
520
521
522
523
524
525
526
527
528
529
530
531
532
533
534
535
536
537
538
539
540
541
1784
542
543
544
545
1785
546
547
548
549
550
551
552
1786
553
554
555
556
557
558
559
560
561
1787
562
563
564
565
566
567
568
569
570
1788
1789
1790
1791
1792
571
1793
1794
1795
572
573
1796
1797
1798
1799
574
1800
1801
1802
1803
1804
575
576
1805
1806
1807
577
1808
1809
1810
1811
1812
578
1813
579
1814
1815
1816
1817
1818
1819
1820
580
1821
581
1822
1823
1824
1825
582
1826
1827
1828
1829
1830
1831
583
584
1832
585
1833
1834
586
1835
1836
1837
587
1838
1839
1840
1841
1842
588
1843
1844
1845
1846
1847
1848
1849
1850
1851
589
1852
1853
1854
1855
1856
1857
1858
1859
1860
590
1861
1862
1863
1864
1865
1866
1867
1868
591
592
1869
1870
1871
1872
1873
1874
593
1875
1876
1877
1878
1879
594
1880
1881
595
1882
1883
596
1884
597
598
599
1885
1886
1887
600
1888
1889
601
602
603
1890
604
1891
605
606
607
608
609
610
611
612
613
614
615
616
617
1892
618
619
620
621
622
623
624
1893
625
1894
626
627
628
629
630
1895
631
1896
632
633
1897
1898
634
635
636
637
638
639
640
641
1899
642
1900
643
644
1901
1902
1903
645
1904
1905
646
1906
1907
1908
1909
647
648
1910
649
650
651
1911
652
1912
653
654
1913
1914
655
1915
656
1916
657
658
1917
659
660
1918
1919
1920
1921
1922
1923
1924
1925
661
662
1926
1927
663
664
665
666
1928
1929
667
1930
1931
1932
668
669
1933
1934
1935
1936
1937
670
671
1938
1939
672
673
1940
1941
674
1942
1943
1944
1945
675
1946
1947
1948
676
1949
1950
677
678
1951
1952
1953
1954
1955
1956
1957
679
1958
1959
680
681
1960
1961
682
1962
1963
1964
1965
683
1966
1967
1968
1969
1970
684
1971
685
686
687
1972
688
689
690
691
692
1973
693
694
1974
1975
1976
1977
695
1978
696
1979
1980
697
698
1981
1982
1983
1984
1985
1986
1987
1988
699
700
1989
701
1990
1991
1992
702
1993
1994
1995
703
1996
704
1997
1998
1999
705
2000
706
707
2001
2002
2003
2004
708
709
2005
710
2006
2007
2008
2009
2010
711
712
2011
713
714
2012
715
716
2013
717
718
719
2014
2015
720
2016
2017
2018
2019
721
2020
2021
722
2022
723
724
2023
725
726
727
2024
2025
2026
2027
728
2028
729
2029
2030
2031
2032
730
2033
2034
2035
2036
2037
2038
2039
2040
2041
2042
2043
731
2044
2045
2046
2047
2048
2049
2050
2051
2052
2053
2054
2055
2056
2057
2058
2059
2060
2061
2062
2063
2064
2065
2066
2067
2068
2069
2070
2071
2072
2073
2074
2075
2076
2077
2078
2079
2080
2081
2082
2083
2084
2085
2086
2087
2088
2089
2090
2091
2092
2093
2094
2095
2096
732
2097
2098
733
2099
2100
2101
2102
2103
2104
2105
2106
2107
2108
2109
2110
2111
2112
734
2113
2114
2115
2116
2117
2118
735
736
2119
737
2120
738
2121
2122
2123
2124
2125
2126
2127
2128
2129
2130
2131
739
740
741
742
743
744
745
746
747
748
749
2132
2133
2134
2135
2136
2137
2138
750
751
752
753
2139
2140
2141
754
755
756
757
2142
2143
2144
2145
2146
2147
758
2148
2149
759
2150
760
2151
2152
2153
2154
2155
2156
2157
2158
2159
2160
2161
2162
2163
2164
2165
761
2166
2167
2168
2169
2170
762
2171
2172
2173
2174
2175
2176
2177
763
2178
2179
2180
2181
2182
2183
2184
2185
2186
2187
2188
2189
2190
2191
2192
764
2193
2194
2195
765
2196
766
2197
2198
767
2199
2200
768
2201
2202
769
770
771
2203
772
773
2204
2205
774
2206
2207
2208
2209
2210
2211
2212
2213
2214
2215
2216
775
2217
2218
2219
2220
2221
776
777
2222
2223
778
779
780
2224
2225
2226
781
782
2227
2228
783
2229
784
785
786
2230
787
788
2231
2232
2233
2234
789
2235
2236
790
2237
2238
2239
2240
2241
791
792
793
794
2242
795
2243
2244
796
2245
797
2246
798
799
2247
2248
2249
800
2250
801
2251
2252
2253
2254
2255
802
2256
2257
2258
803
804
805
806
807
2259
2260
2261
2262
2263
2264
808
809
810
811
2265
812
813
814
2266
815
2267
816
2268
2269
2270
2271
817
2272
818
819
2273
820
821
822
2274
823
824
825
2275
2276
2277
826
2278
827
828
829
830
2279
2280
2281
831
2282
832
833
834
2283
835
2284
2285
2286
2287
2288
836
2289
2290
2291
837
838
2292
2293
2294
2295
2296
2297
2298
2299
2300
839
840
841
2301
2302
842
843
2303
844
845
2304
2305
846
2306
2307
2308
2309
2310
2311
2312
2313
2314
2315
2316
2317
2318
847
2319
848
849
850
851
852
853
854
855
2320
2321
2322
856
2323
857
2324
2325
2326
2327
2328
2329
858
859
860
2330
861
2331
2332
2333
2334
862
2335
2336
2337
2338
2339
2340
2341
863
864
2342
2343
2344
2345
2346
2347
2348
2349
2350
2351
2352
2353
2354
2355
2356
2357
2358
2359
2360
2361
2362
2363
2364
2365
2366
2367
2368
2369
2370
2371
2372
2373
2374
2375
2376
2377
2378
2379
2380
2381
2382
2383
2384
2385
2386
865
2387
2388
2389
2390
2391
2392
2393
866
2394
2395
867
2396
2397
868
2398
2399
869
2400
870
2401
871
872
2402
2403
2404
873
874
875
